              precision    recall  f1-score   support

           0       0.22      0.06      0.09      2141
           1       0.16      0.01      0.02      1408
           2       0.34      0.08      0.13      1499
           3       0.00      0.00      0.00       352
           4       0.00      0.00      0.00       514
           5       0.14      0.01      0.01       397
           6       0.00      0.00      0.00       307
           7       0.00      0.00      0.00       453
           8       0.00      0.00      0.00       180
           9       0.00      0.00      0.00       424
          10       0.00      0.00      0.00       339
          11       0.00      0.00      0.00       413
          12       0.00      0.00      0.00       235
          13       0.00      0.00      0.00       274
          14       0.00      0.00      0.00        93
          15       0.00      0.00      0.00       416
          16       0.00      0.00      0.00       212
          17       0.00      0.00      0.00       134
          18       0.00      0.00      0.00       209

   micro avg       0.25      0.03      0.05     10000
   macro avg       0.05      0.01      0.01     10000
weighted avg       0.13      0.03      0.04     10000
 samples avg       0.03      0.03      0.03     10000

accuracy = 0.0262