              precision    recall  f1-score   support

           0       0.24      0.16      0.19     10798
           1       0.11      0.08      0.09      4830
           2       0.10      0.09      0.10      4534
           3       0.05      0.00      0.01      2605
           4       0.11      0.04      0.06      3716
           5       0.04      0.01      0.02      1613
           6       0.03      0.01      0.02      1996
           7       0.09      0.02      0.03      2749
           8       0.03      0.01      0.01      1549
           9       0.02      0.00      0.01      1175
          10       0.09      0.04      0.06      1432
          11       0.25      0.00      0.00      1949
          12       0.02      0.01      0.01      1265
          13       0.02      0.00      0.01      1114
          14       0.02      0.00      0.01      1306
          15       0.04      0.01      0.02      1244
          16       0.03      0.01      0.02      1153
          17       0.07      0.03      0.04      1545
          18       0.10      0.01      0.02      2417
          19       0.03      0.00      0.01      1010

   micro avg       0.13      0.06      0.08     50000
   macro avg       0.07      0.03      0.04     50000
weighted avg       0.11      0.06      0.07     50000
 samples avg       0.06      0.06      0.06     50000

accuracy = 0.06044