              precision    recall  f1-score   support

           0       0.37      0.52      0.43     10798
           1       0.24      0.31      0.27      4830
          10       0.19      0.15      0.17      1432
          11       0.83      0.28      0.42      1949
          12       0.31      0.43      0.36      1265
          13       0.20      0.08      0.11      1114
          14       0.09      0.04      0.06      1306
          15       0.25      0.19      0.22      1244
          16       0.11      0.06      0.08      1153
          17       0.60      0.75      0.67      1545
          18       0.29      0.12      0.17      2417
          19       0.07      0.03      0.04      1010
           2       0.33      0.50      0.40      4534
           3       0.15      0.10      0.12      2605
           4       0.48      0.48      0.48      3716
           5       0.09      0.08      0.09      1613
           6       0.17      0.14      0.15      1996
           7       0.32      0.23      0.27      2749
           8       0.19      0.12      0.15      1549
           9       0.12      0.07      0.09      1175

    accuracy                           0.32     50000
   macro avg       0.27      0.23      0.24     50000
weighted avg       0.31      0.32      0.30     50000

accuracy = 0.31882