              precision    recall  f1-score   support

           0       0.32      0.45      0.37      2141
           1       0.23      0.34      0.28      1408
          10       0.16      0.10      0.12       339
          11       0.13      0.05      0.08       413
          12       0.04      0.01      0.02       235
          13       0.08      0.04      0.05       274
          14       0.00      0.00      0.00        93
          15       0.20      0.10      0.13       416
          16       0.33      0.00      0.01       212
          17       0.14      0.01      0.01       134
          18       0.03      0.02      0.03       209
           2       0.40      0.55      0.46      1499
           3       0.07      0.08      0.07       352
           4       0.11      0.15      0.13       514
           5       0.23      0.18      0.20       397
           6       0.42      0.03      0.06       307
           7       0.11      0.08      0.09       453
           8       0.08      0.01      0.01       180
           9       0.55      0.07      0.13       424

    accuracy                           0.27     10000
   macro avg       0.19      0.12      0.12     10000
weighted avg       0.25      0.27      0.23     10000

accuracy = 0.2652